1 0 99 0
2 93 99 49
3 97 99 31
4 45 99 272
5 97 99 32
6 95 99 37
7 73 99 145
8 77 99 121
9 17 99 372
10 99 99 22
11 44 99 278
12 0 99 0
13 94 99 44
14 99 99 22
15 81 99 100
16 48 99 267
17 99 99 23
18 99 99 23
19 47 99 0
20 97 99 31
21 99 99 0
22 94 98 43
23 87 98 65
24 94 98 43
25 73 98 145
26 96 98 0
27 98 98 0
28 98 98 0
29 97 97 32
30 87 97 65
31 94 96 41
32 85 96 77
33 94 96 44
34 94 96 41
35 95 95 37
36 95 95 0
37 94 94 42
38 87 94 60
39 94 94 42
40 94 94 0
41 93 93 48
42 91 93 53
43 77 93 122
44 85 93 77
45 93 93 48
46 93 93 49
47 93 93 0
48 75 92 134
49 87 92 58
50 87 92 58
51 91 92 53
52 91 91 0
53 87 90 59
54 89 89 0
55 87 87 60
56 86 87 70
57 87 87 59
58 86 86 0
59 86 86 70
60 86 86 71
61 77 86 121
62 86 86 0
63 86 86 71
64 84 86 86
65 84 86 86
66 86 86 0
67 86 86 0
68 86 86 0
69 85 85 76
70 78 85 115
71 85 85 78
72 85 85 76
73 85 85 78
74 83 85 87
75 85 85 0
76 83 84 87
77 84 84 84
78 83 84 88
79 84 84 84
80 81 84 101
81 83 84 88
82 84 84 0
83 84 84 0
84 82 83 93
85 82 83 93
86 81 83 101
87 82 82 92
88 82 82 94
89 82 82 94
90 82 82 92
91 82 82 0
92 77 81 120
93 78 81 114
94 81 81 99
95 78 81 114
96 81 81 99
97 81 81 100
98 81 81 0
99 80 80 105
100 55 80 244
101 77 80 123
102 80 80 105
103 80 80 0
104 80 80 0
105 79 79 109
106 79 79 109
107 78 79 115
108 79 79 0
109 78 78 116
110 77 78 123
111 78 78 116
112 77 78 120
113 78 78 0
114 75 77 135
115 75 77 136
116 77 77 122
117 75 77 135
118 74 77 141
119 77 77 0
120 74 76 139
121 57 76 229
122 45 76 272
123 76 76 128
124 76 76 128
125 76 76 0
126 57 75 229
127 73 75 144
128 71 75 159
129 74 75 141
130 75 75 134
131 74 75 139
132 75 75 136
133 75 75 0
134 68 74 168
135 73 74 144
136 74 74 140
137 74 74 140
138 74 74 0
139 67 73 174
140 70 73 161
141 73 73 147
142 73 73 147
143 73 73 0
144 61 72 210
145 72 72 151
146 72 72 151
147 72 72 153
148 72 72 153
149 71 72 159
150 72 72 0
151 71 71 157
152 71 71 157
153 70 71 162
154 70 71 162
155 71 71 0
156 70 71 161
157 58 70 221
158 58 70 221
159 65 70 191
160 70 70 0
161 66 69 179
162 68 69 169
163 68 69 169
164 69 69 0
165 68 68 0
166 68 68 168
167 68 68 0
168 65 67 185
169 66 67 180
170 65 67 185
171 67 67 174
172 66 67 180
173 67 67 0
174 65 66 186
175 66 66 0
176 65 66 191
177 66 66 179
178 66 66 0
179 61 65 211
180 65 65 187
181 65 65 0
182 65 65 186
183 65 65 187
184 63 65 0
185 62 64 204
186 63 64 197
187 64 64 193
188 63 64 197
189 62 64 204
190 64 64 193
191 63 64 199
192 64 64 0
193 63 63 198
194 63 63 198
195 63 63 199
196 63 63 0
197 58 62 220
198 62 62 205
199 62 62 207
200 62 62 205
201 62 62 207
202 61 62 0
203 61 62 211
204 40 61 297
205 57 61 230
206 61 61 210
207 0 61 0
208 61 61 0
209 57 61 230
210 0 60 0
211 59 60 217
212 59 60 217
213 58 60 220
214 60 60 0
215 59 59 0
216 59 59 0
217 58 58 222
218 58 58 222
219 58 58 0
220 52 57 257
221 44 57 278
222 57 57 232
223 38 57 307
224 57 57 0
225 55 57 244
226 57 57 232
227 57 57 0
228 57 57 0
229 51 56 259
230 56 56 235
231 56 56 237
232 56 56 237
233 56 56 235
234 56 56 0
235 55 55 242
236 51 55 259
237 55 55 243
238 40 55 297
239 55 55 243
240 55 55 242
241 55 55 0
242 54 54 248
243 49 54 264
244 39 54 303
245 54 54 248
246 0 54 0
247 54 54 0
248 53 53 252
249 53 53 252
250 49 53 264
251 53 53 0
252 48 52 266
253 52 52 257
254 48 52 266
255 52 52 0
256 52 52 0
257 43 51 285
258 51 51 0
259 34 50 324
260 50 50 0
261 49 49 0
262 47 48 268
263 48 48 267
264 47 48 268
265 48 48 0
266 45 47 273
267 44 47 281
268 45 46 274
269 44 46 281
270 45 46 273
271 45 45 274
272 42 44 289
273 5 44 0
274 44 44 279
275 42 44 289
276 44 44 279
277 44 44 0
278 38 43 307
279 41 43 293
280 6 43 401
281 38 43 309
282 39 43 0
283 43 43 285
284 41 43 293
285 35 42 322
286 42 42 0
287 42 42 0
288 42 42 0
289 0 41 0
290 38 41 309
291 41 41 0
292 41 41 0
293 38 40 312
294 40 40 0
295 40 40 0
296 40 40 0
297 39 39 302
298 39 39 302
299 39 39 303
300 39 39 0
301 38 39 312
302 37 38 316
303 0 38 0
304 37 38 316
305 37 38 0
306 38 38 0
307 18 37 370
308 34 37 324
309 31 37 337
310 3 37 404
311 33 37 328
312 33 37 329
313 36 37 0
314 31 37 337
315 37 37 0
316 33 36 328
317 35 36 0
318 35 36 322
319 35 36 0
320 35 35 0
321 35 35 0
322 31 34 336
323 34 34 0
324 30 33 340
325 31 33 336
326 30 33 0
327 33 33 329
328 31 32 335
329 16 32 376
330 30 32 340
331 30 32 0
332 32 32 0
333 31 31 335
334 31 31 0
335 22 30 360
336 26 30 351
337 30 30 341
338 30 30 341
339 30 30 0
340 6 29 401
341 20 29 364
342 17 29 372
343 27 28 0
344 20 27 364
345 27 27 0
346 27 27 0
347 26 26 351
348 26 26 0
349 0 26 0
350 26 26 0
351 15 25 379
352 25 25 0
353 25 25 0
354 15 24 379
355 22 23 360
356 23 23 0
357 0 23 0
358 23 23 0
359 22 22 0
360 20 21 363
361 20 20 363
362 19 20 0
363 18 19 371
364 19 19 367
365 19 19 367
366 18 18 371
367 17 18 373
368 17 18 373
369 18 18 370
370 3 17 404
371 13 17 384
372 1 16 411
373 13 16 385
374 13 16 385
375 16 16 376
376 12 15 388
377 15 15 0
378 0 15 0
379 1 14 410
380 13 14 384
381 12 14 388
382 14 14 0
383 13 13 0
384 11 12 391
385 10 12 393
386 1 12 411
387 10 12 393
388 9 11 396
389 11 11 391
390 9 11 396
391 2 10 406
392 1 10 410
393 7 9 398
394 7 9 398
395 2 8 406
396 2 8 408
397 2 8 408
398 6 6 400
399 6 6 400
400 0 5 0
401 2 5 407
402 2 5 407
403 3 4 0
404 0 2 0
405 0 2 0
406 0 1 0
407 0 1 0
408 0 1 0
409 0 1 0
410 0 0 0
411 0 0 0
412 0 0 0
413 0 0 0
414 0 0 0
