1 97 99 34
2 0 99 0
3 94 99 65
4 42 99 322
5 98 99 0
6 94 99 67
7 35 99 354
8 98 99 28
9 97 99 37
10 80 99 151
11 98 99 29
12 77 99 173
13 80 99 153
14 97 99 40
15 95 99 54
16 98 99 0
17 99 99 24
18 97 99 40
19 86 99 119
20 98 99 0
21 99 99 24
22 0 99 0
23 98 98 28
24 97 98 39
25 98 98 29
26 97 98 39
27 97 97 35
28 82 97 139
29 97 97 38
30 97 97 37
31 97 97 35
32 97 97 38
33 97 97 34
34 94 96 64
35 96 96 46
36 82 96 139
37 43 96 315
38 96 96 47
39 96 96 48
40 95 96 55
41 96 96 46
42 95 96 55
43 96 96 47
44 95 96 52
45 96 96 48
46 95 95 52
47 95 95 53
48 95 95 57
49 95 95 54
50 95 95 53
51 95 95 57
52 94 94 66
53 94 94 68
54 92 94 85
55 92 94 82
56 94 94 66
57 94 94 69
58 92 94 82
59 94 94 67
60 94 94 65
61 94 94 68
62 94 94 64
63 94 94 69
64 47 93 299
65 93 93 75
66 93 93 76
67 89 93 105
68 93 93 77
69 93 93 78
70 93 93 76
71 92 93 85
72 93 93 77
73 93 93 75
74 93 93 78
75 91 92 91
76 91 92 90
77 92 92 81
78 92 92 86
79 92 92 81
80 92 92 86
81 91 91 92
82 79 91 0
83 80 91 153
84 91 91 90
85 0 91 0
86 90 91 101
87 91 91 91
88 91 91 92
89 90 91 101
90 90 90 97
91 90 90 98
92 90 90 99
93 90 90 97
94 85 90 0
95 90 90 98
96 90 90 99
97 88 89 108
98 87 89 113
99 89 89 106
100 88 89 108
101 81 89 149
102 87 89 113
103 89 89 106
104 89 89 105
105 58 88 254
106 88 88 109
107 88 88 109
108 86 87 119
109 87 87 114
110 76 87 0
111 87 87 114
112 87 87 0
113 85 86 0
114 86 86 120
115 80 86 151
116 85 86 0
117 86 86 120
118 86 86 0
119 83 85 134
120 85 85 125
121 85 85 125
122 79 85 157
123 85 85 0
124 83 84 135
125 84 84 130
126 83 84 134
127 82 84 140
128 84 84 130
129 84 84 0
130 83 83 136
131 83 83 135
132 83 83 136
133 83 83 0
134 81 82 146
135 82 82 140
136 81 82 147
137 81 82 146
138 82 82 0
139 77 81 170
140 79 81 158
141 77 81 170
142 81 81 149
143 78 81 0
144 81 81 147
145 81 81 0
146 79 80 157
147 80 80 152
148 75 80 180
149 55 80 267
150 80 80 152
151 78 79 164
152 74 79 191
153 74 79 192
154 79 79 0
155 79 79 158
156 79 79 0
157 77 78 169
158 78 78 0
159 78 78 164
160 78 78 165
161 78 78 165
162 78 78 0
163 77 77 171
164 70 77 212
165 76 77 177
166 77 77 171
167 77 77 169
168 77 77 173
169 75 76 180
170 76 76 175
171 75 76 181
172 76 76 175
173 75 76 182
174 76 76 177
175 72 75 201
176 72 75 201
177 73 75 197
178 75 75 181
179 75 75 182
180 45 74 307
181 74 74 190
182 73 74 195
183 70 74 212
184 73 74 197
185 69 74 219
186 74 74 192
187 74 74 191
188 74 74 190
189 74 74 0
190 70 73 211
191 72 73 203
192 63 73 235
193 72 73 0
194 73 73 195
195 61 72 243
196 72 72 0
197 72 72 0
198 72 72 0
199 72 72 203
200 0 72 0
201 57 71 257
202 57 71 257
203 70 71 213
204 70 71 215
205 71 71 0
206 66 70 225
207 70 70 0
208 70 70 215
209 70 70 211
210 70 70 213
211 67 69 221
212 67 69 223
213 21 69 407
214 67 69 223
215 67 69 0
216 65 69 228
217 69 69 219
218 69 69 0
219 67 68 221
220 66 67 225
221 65 66 228
222 65 66 229
223 65 66 229
224 65 65 230
225 65 65 230
226 63 65 235
227 65 65 0
228 63 64 0
229 50 64 284
230 62 64 238
231 63 64 0
232 63 64 0
233 62 63 238
234 58 62 252
235 23 62 401
236 62 62 0
237 61 61 244
238 61 61 244
239 52 61 278
240 61 61 0
241 61 61 243
242 58 60 255
243 59 60 248
244 58 60 255
245 59 60 248
246 58 59 252
247 58 58 254
248 55 58 266
249 50 58 284
250 55 58 266
251 58 58 0
252 56 57 261
253 56 57 263
254 49 57 287
255 56 57 263
256 57 57 0
257 53 56 274
258 53 56 274
259 56 56 261
260 49 56 287
261 41 55 329
262 54 55 271
263 54 55 271
264 55 55 267
265 55 55 0
266 54 54 270
267 41 54 332
268 54 54 270
269 54 54 0
270 51 53 281
271 52 53 278
272 51 53 281
273 53 53 0
274 35 52 354
275 48 52 293
276 10 52 457
277 47 52 299
278 43 51 320
279 50 51 285
280 51 51 0
281 49 50 288
282 50 50 285
283 49 50 288
284 43 49 316
285 43 49 320
286 48 49 293
287 48 48 292
288 48 48 294
289 48 48 292
290 48 48 294
291 48 48 0
292 42 47 322
293 47 47 300
294 46 47 305
295 47 47 300
296 29 47 0
297 46 47 305
298 47 47 0
299 43 46 314
300 46 46 304
301 46 46 304
302 43 46 314
303 46 46 0
304 45 45 307
305 45 45 308
306 45 45 308
307 42 44 323
308 44 44 312
309 43 44 316
310 44 44 312
311 42 43 323
312 41 43 331
313 43 43 315
314 39 42 340
315 32 42 366
316 39 42 342
317 39 42 342
318 41 42 329
319 42 42 324
320 42 42 324
321 42 42 0
322 40 41 335
323 0 41 0
324 41 41 333
325 41 41 333
326 41 41 332
327 41 41 331
328 19 41 424
329 39 40 341
330 40 40 335
331 28 40 379
332 14 40 447
333 39 40 344
334 40 40 0
335 34 39 358
336 39 39 0
337 39 39 344
338 39 39 341
339 39 39 340
340 33 38 360
341 14 38 446
342 33 38 361
343 33 38 361
344 36 38 352
345 38 38 0
346 36 37 352
347 33 37 360
348 33 36 0
349 16 36 436
350 35 35 0
351 35 35 0
352 35 35 0
353 35 35 0
354 32 34 365
355 34 34 358
356 24 34 392
357 29 34 376
358 21 33 407
359 32 33 365
360 0 32 0
361 31 32 369
362 31 32 369
363 32 32 366
364 21 32 409
365 24 31 392
366 31 31 368
367 31 31 368
368 30 30 372
369 21 30 409
370 0 30 0
371 30 30 372
372 29 29 375
373 29 29 375
374 29 29 376
375 0 28 0
376 26 28 0
377 28 28 379
378 28 28 0
379 27 27 384
380 26 27 0
381 21 27 0
382 27 27 384
383 26 27 0
384 25 26 389
385 23 26 401
386 24 25 394
387 25 25 0
388 25 25 389
389 24 24 393
390 24 24 394
391 24 24 393
392 21 23 408
393 23 23 400
394 22 23 404
395 21 23 408
396 0 23 0
397 21 23 412
398 22 23 404
399 23 23 400
400 22 22 403
401 20 22 415
402 22 22 403
403 19 21 423
404 21 21 411
405 21 21 412
406 21 21 411
407 19 20 420
408 18 20 426
409 17 20 431
410 19 20 420
411 4 20 473
412 20 20 415
413 18 20 426
414 20 20 0
415 17 19 430
416 4 19 473
417 19 19 424
418 19 19 423
419 0 19 0
420 0 18 0
421 17 18 431
422 0 18 0
423 17 18 432
424 16 18 439
425 17 18 432
426 15 17 440
427 15 17 440
428 17 17 430
429 17 17 0
430 13 16 450
431 15 16 441
432 9 16 461
433 16 16 436
434 16 16 439
435 15 15 441
436 15 15 442
437 13 15 450
438 15 15 442
439 0 15 0
440 10 14 457
441 2 14 480
442 14 14 446
443 14 14 447
444 0 14 0
445 12 14 0
446 11 13 455
447 13 13 452
448 13 13 452
449 13 13 0
450 8 12 467
451 2 12 480
452 0 12 0
453 12 12 0
454 11 11 455
455 0 10 0
456 10 10 0
457 8 9 0
458 0 9 0
459 9 9 461
460 9 9 0
461 2 8 481
462 8 8 0
463 8 8 467
464 8 8 0
465 8 8 0
466 5 7 472
467 7 7 469
468 7 7 469
469 0 6 0
470 5 6 472
471 0 5 0
472 2 4 478
473 0 3 0
474 2 3 481
475 0 2 0
476 2 2 478
477 2 2 0
478 0 1 0
479 1 1 485
480 1 1 485
481 0 1 0
482 0 1 0
483 0 1 0
484 1 1 0
485 0 0 0
486 0 0 0
