1 0 58 0
2 0 31 0
3 0 56 0
4 0 99 0
5 0 25 0
6 0 95 0
7 0 99 0
8 0 49 0
9 0 36 0
10 0 34 0
11 1 15 0
22 10 29 0
46 21 21 0
48 22 29 0
50 23 67 0
56 26 30 5
57 26 67 5
77 35 44 10
78 35 49 10
79 36 36 0
80 37 95 9
81 37 51 9
104 50 50 0
105 50 57 78
106 50 76 78
119 54 66 0
125 57 78 3
126 57 68 3
138 61 66 0
144 64 64 0
150 68 72 50
151 68 89 50
154 68 77 57
155 68 89 57
167 72 76 0
175 77 84 106
176 77 96 106
179 79 82 125
180 79 99 125
181 80 96 0
185 81 81 0
203 85 87 0
216 90 99 155
217 90 99 155
231 96 99 6
232 96 99 6
233 96 99 80
234 96 99 80
236 97 99 181
237 97 99 181
238 97 99 176
239 97 99 176
