1 0 0 0
2 0 53 0
3 0 59 0
4 0 25 0
5 0 15 0
6 0 46 0
7 0 15 0
8 0 99 0
9 0 99 0
10 0 99 0
11 0 49 0
12 0 16 0
14 1 7 0
22 4 4 0
27 11 11 0
36 16 16 0
39 17 20 12
40 17 75 12
43 19 26 0
44 19 20 0
56 26 52 4
57 26 45 4
62 27 32 0
68 30 30 0
72 31 39 0
76 35 36 0
86 42 47 0
94 47 99 6
95 47 47 6
96 48 48 0
103 51 51 0
104 53 54 0
105 53 99 56
106 53 70 56
107 55 55 0
116 58 58 0
117 58 73 0
119 61 63 0
121 64 71 0
127 69 99 0
128 69 69 0
145 76 77 40
146 76 99 40
147 77 99 0
154 80 87 0
158 83 83 0
165 91 99 0
166 91 99 0
168 93 99 0
171 96 96 0
