1 0 5 41
2 0 43 151
3 0 23 0
4 0 0 23
5 0 1 29
6 0 0 24
7 0 63 225
8 0 1 30
9 0 10 53
10 0 61 209
11 0 2 33
12 0 99 0
13 0 8 50
14 0 0 25
15 0 62 222
16 0 0 24
17 0 0 25
18 0 2 33
19 0 15 0
20 0 3 0
21 0 26 0
22 0 0 23
23 1 99 0
24 1 6 44
25 1 5 0
26 1 1 30
27 1 1 29
28 1 10 53
29 2 7 46
30 2 12 56
31 2 8 49
32 2 6 44
33 3 4 38
34 3 12 56
35 3 4 38
36 4 38 127
37 4 41 145
38 5 29 92
39 5 29 92
40 5 5 41
41 6 54 0
42 6 8 50
43 6 8 49
44 7 8 48
45 7 7 46
46 8 38 127
47 8 8 48
48 9 14 60
49 9 13 58
50 9 11 54
51 9 11 54
52 10 13 58
53 11 24 79
54 12 15 64
55 12 15 64
56 13 99 0
57 13 14 60
58 14 14 62
59 14 14 62
60 15 18 70
61 15 24 79
62 15 38 129
63 15 15 0
64 16 17 68
65 16 17 68
66 18 28 0
67 18 18 70
68 18 26 87
69 18 26 87
70 19 22 74
71 19 20 0
72 20 22 74
73 22 22 0
74 23 23 78
75 23 23 78
76 23 23 0
77 23 23 0
78 24 25 83
79 25 33 107
80 25 25 83
81 25 25 0
82 25 25 0
83 26 31 99
84 26 26 0
85 26 26 0
86 26 26 0
87 27 31 100
88 27 28 0
89 27 27 0
90 27 27 0
91 29 31 0
92 30 32 103
93 30 32 103
94 30 43 154
95 30 32 0
96 30 31 100
97 31 31 99
98 31 33 107
99 32 37 122
100 32 36 120
101 32 33 0
102 32 33 0
103 33 38 128
104 33 37 122
105 33 33 0
106 33 33 0
107 34 35 114
108 34 38 128
109 34 36 120
110 34 34 0
111 35 35 114
112 35 35 0
113 35 35 0
114 36 36 119
115 36 36 119
116 36 36 0
117 36 37 0
118 36 37 0
119 37 59 199
120 37 38 130
121 37 38 130
122 38 38 126
123 38 38 126
124 38 38 129
125 38 39 0
126 39 39 136
127 39 54 178
128 39 43 154
129 39 42 148
130 39 40 140
131 39 54 178
132 39 40 140
133 39 39 136
134 39 41 145
135 39 39 0
136 40 65 234
137 40 55 0
138 40 40 0
139 40 42 148
140 41 41 146
141 41 41 146
142 41 41 0
143 41 41 0
144 42 43 151
145 42 43 153
146 42 46 162
147 42 42 0
148 43 44 158
149 43 43 153
150 43 44 158
151 44 99 0
152 44 99 0
153 44 45 160
154 44 51 169
155 44 46 162
156 44 44 0
157 45 75 280
158 45 48 166
159 45 45 160
160 46 53 174
161 47 48 166
162 47 99 0
163 47 47 0
164 48 97 375
165 48 53 174
166 49 52 171
167 50 52 171
168 51 51 169
169 52 54 180
170 52 52 0
171 53 53 175
172 53 54 180
173 53 53 175
174 54 54 179
175 54 56 189
176 54 54 179
177 54 54 0
178 55 70 254
179 55 55 184
180 55 58 196
181 55 70 254
182 55 56 189
183 55 55 184
184 56 56 187
185 56 56 187
186 56 59 199
187 57 60 203
188 57 58 196
189 57 57 195
190 57 57 0
191 57 57 195
192 57 60 203
193 57 57 0
194 57 57 0
195 58 59 201
196 59 62 216
197 59 59 201
198 59 59 0
199 60 65 235
200 60 62 216
201 60 60 204
202 60 60 204
203 61 61 210
204 61 61 211
205 61 61 209
206 61 65 234
207 61 61 211
208 61 61 210
209 62 76 285
210 62 62 217
211 62 62 218
212 62 62 217
213 62 62 222
214 62 62 218
215 62 62 0
216 63 75 279
217 63 63 226
218 63 65 236
219 63 63 225
220 63 63 226
221 63 63 228
222 63 63 228
223 63 63 0
224 64 75 279
225 64 92 357
226 64 68 245
227 64 68 245
228 64 65 238
229 65 66 0
230 65 65 235
231 65 65 238
232 65 65 236
233 65 65 0
234 66 68 244
235 66 67 242
236 66 70 255
237 66 68 244
238 66 71 266
239 66 66 0
240 67 67 242
241 67 67 0
242 68 80 303
243 68 68 0
244 69 69 249
245 69 70 257
246 69 70 257
247 69 69 249
248 69 69 0
249 70 70 253
250 70 70 255
251 70 70 253
252 70 70 0
253 71 93 360
254 71 71 262
255 71 73 271
256 71 71 262
257 71 71 263
258 71 71 263
259 71 71 266
260 71 71 0
261 71 71 0
262 72 78 296
263 72 74 275
264 72 78 296
265 72 74 275
266 72 73 272
267 72 73 272
268 72 72 0
269 73 75 281
270 73 73 271
271 74 75 278
272 74 77 293
273 74 75 278
274 75 75 281
275 75 75 280
276 75 77 292
277 75 75 0
278 76 76 287
279 76 83 319
280 76 87 352
281 76 76 285
282 76 77 293
283 76 76 287
284 76 76 0
285 77 81 308
286 77 83 319
287 77 77 291
288 77 81 308
289 77 77 292
290 77 77 291
291 78 84 330
292 78 78 297
293 78 83 324
294 78 78 0
295 78 78 297
296 79 95 368
297 79 79 301
298 79 95 368
299 79 79 301
300 79 80 303
301 80 80 304
302 80 80 304
303 81 83 317
304 81 81 309
305 81 81 309
306 81 83 324
307 81 81 0
308 82 82 312
309 82 82 313
310 82 82 312
311 82 82 313
312 83 83 318
313 83 83 320
314 83 83 318
315 83 83 320
316 83 83 317
317 84 84 328
318 84 84 329
319 84 99 0
320 84 84 331
321 84 99 0
322 84 84 329
323 84 84 331
324 84 86 343
325 84 97 374
326 84 84 328
327 84 84 330
328 85 85 0
329 85 85 338
330 85 86 345
331 85 85 339
332 85 85 338
333 85 85 0
334 85 85 339
335 85 85 0
336 85 85 0
337 86 86 343
338 86 86 344
339 86 86 346
340 86 86 344
341 86 86 346
342 86 86 345
343 87 93 361
344 87 97 372
345 87 87 351
346 87 87 352
347 87 97 374
348 87 90 354
349 87 92 357
350 87 87 351
351 88 98 0
352 88 90 354
353 90 94 366
354 91 94 366
355 91 93 360
356 91 91 0
357 93 99 0
358 93 93 361
359 93 93 0
360 94 95 367
361 94 99 0
362 94 97 372
363 94 99 0
364 94 95 367
365 94 94 0
366 95 99 0
367 96 99 0
368 96 97 373
369 96 98 0
370 97 97 373
371 97 97 375
372 98 99 0
373 98 99 0
374 98 99 0
375 98 99 0
376 98 98 0
377 98 98 0
378 99 99 0
379 99 99 0
380 99 99 0
381 99 99 0
382 99 99 0
383 99 99 0
